
================================================================================
                                  estimate std.error statistic    df     p.value
--------------------------------------------------------------------------------
(Intercept)                        1.194     0.085    13.964   2,340.762    0   
population                         -0.069    0.096    -0.719   2,340.762  0.472 
gdp_per_capita                     -0.068    0.114    -0.596   2,340.762  0.551 
regionS                            -0.095    0.035    -2.753   2,340.124  0.006 
regionN                            0.072     0.045     1.585   2,340.762  0.113 
regionNE                           -0.069    0.033    -2.088   2,340.297  0.037 
regionCW                           -0.018    0.055    -0.328   2,340.557  0.743 
urban_hierarchyZone Center         -0.021    0.091    -0.235   2,340.762  0.814 
urban_hierarchySubregional Center  -0.021    0.086    -0.246   2,340.762  0.806 
urban_hierarchyRegional Center     -0.141    0.115    -1.228   2,340.762  0.219 
urban_hierarchyMetropolis          -0.128    0.115    -1.108   2,340.762  0.268 
outsourced_accountant              -0.067    0.033    -2.012   2,340.039  0.044 
nb_cities_same_accountant          0.001     0.002     0.454   1,724.463  0.650 
--------------------------------------------------------------------------------
