
================================================================================
                                  estimate std.error statistic    df     p.value
--------------------------------------------------------------------------------
(Intercept)                        1.194     0.084    14.250   2,340.762    0   
population                         -0.069    0.094    -0.734   2,340.762  0.463 
gdp                                -0.068    0.112    -0.608   2,340.762  0.543 
regionS                            -0.095    0.034    -2.809   2,340.084  0.005 
regionN                            0.072     0.044     1.617   2,340.762  0.106 
regionNE                           -0.069    0.032    -2.131   2,340.265  0.033 
regionCW                           -0.018    0.054    -0.334   2,340.538  0.738 
urban_hierarchyZone Center         -0.021    0.089    -0.240   2,340.762  0.810 
urban_hierarchySubregional Center  -0.021    0.085    -0.251   2,340.762  0.802 
urban_hierarchyRegional Center     -0.141    0.113    -1.254   2,340.762  0.210 
urban_hierarchyMetropolis          -0.128    0.113    -1.130   2,340.762  0.258 
outsourced_accountant              -0.067    0.033    -2.053   2,339.996  0.040 
nb_cities_same_accountant          0.001     0.002     0.462   1,690.011  0.644 
--------------------------------------------------------------------------------
