
================================================================================
                                  estimate std.error statistic    df     p.value
--------------------------------------------------------------------------------
(Intercept)                        1.196     0.085    14.031   2,340.735    0   
log_population                     -0.050    0.018    -2.850   2,340.762  0.004 
log_gdp_per_capita                 0.009     0.017     0.516   2,338.158  0.606 
regionS                            -0.110    0.036    -3.039   2,340.762  0.002 
regionN                            0.088     0.046     1.922   2,340.762  0.055 
regionNE                           -0.048    0.037    -1.272   2,340.762  0.204 
regionCW                           -0.030    0.055    -0.548   2,340.762  0.584 
urban_hierarchyZone Center         0.009     0.087     0.107   2,340.762  0.915 
urban_hierarchySubregional Center  -0.034    0.085    -0.399   2,340.762  0.690 
urban_hierarchyRegional Center     -0.100    0.113    -0.880   2,340.762  0.379 
urban_hierarchyMetropolis          -0.141    0.115    -1.232   2,340.762  0.218 
outsourced_accountant              -0.065    0.033    -1.957   2,340.275  0.050 
nb_cities_same_accountant          0.001     0.002     0.575   1,611.051  0.566 
--------------------------------------------------------------------------------
